2 0.185508 0.376494 0.079183 0.171315
2 0.727092 0.361554 0.074701 0.157371
3 0.127241 0.582669 0.109064 0.213147
3 0.827938 0.581673 0.115040 0.223108
1 0.514193 0.446215 0.070219 0.155378
1 0.417829 0.381474 0.059761 0.125498
1 0.368526 0.335657 0.044821 0.101594
1 0.609064 0.516932 0.074701 0.137450
0 0.294572 0.243028 0.070219 0.127490
0 0.502988 0.329681 0.056773 0.125498
0 0.604582 0.418327 0.050797 0.095618
0 0.352839 0.446215 0.076195 0.139442
0 0.480578 0.108566 0.038845 0.093625
0 0.290837 0.079681 0.044821 0.079681
0 0.603835 0.086653 0.037351 0.085657