2 0.349104 0.225100 0.053785 0.135458
2 0.476096 0.457171 0.074701 0.125498
0 0.293825 0.273904 0.056773 0.121514
0 0.449203 0.183267 0.050797 0.115538
0 0.544074 0.763944 0.070219 0.105578
0 0.719622 0.595618 0.050797 0.083665
0 0.818227 0.165339 0.044821 0.123506
0 0.975598 0.207171 0.048804 0.127490
0 0.714392 0.047809 0.046315 0.087649
3 0.408118 0.202191 0.052291 0.153386
3 0.664343 0.648406 0.065737 0.125498
1 0.466384 0.824701 0.094124 0.107570
1 0.785359 0.569721 0.071713 0.123506
1 0.963894 0.395418 0.064243 0.109562
1 0.884711 0.188247 0.052291 0.113546
1 0.528386 0.269920 0.071713 0.113546
1 0.506723 0.366534 0.073207 0.083665
1 0.781624 0.147410 0.055279 0.091633